10 -21 132 43 -54 61 79 832,3 9 444,33
10 -21 132 43 -54 61 79 832,3 9 444,33
42 111 0,21 -124,2 11 42 124 8 241,2 4
1 2 3 4 5 6 7 8 9 10
1 2 3 4 5 6 7 8 9 10
10 -21 132 43 -54 61 79 832,3 9 444,33
42 111 0,21 -124,2 11 42 124 8 241,2 4
10 -21 132 43 -54 61 79 832,3 9 444,33
42 111 0,21 -124,2 11 42 124 8 241,2 4
10 -21 132 43 -54 61 79 832,3 9 444,33
42 111 0,21 -124,2 11 42 124 8 241,2 4
10 -21 132 43 -54 61 79 832,3 9 444,33
42 111 0,21 -124,2 11 42 124 8 241,2 4
1 2 3 4 5 6 7 8 9 10
10 -21 132 43 -54 61 79 832,3 9 444,33
42 111 0,21 -124,2 11 42 124 8 241,2 4
10 -21 132 43 -54 61 79 832,3 9 444,33
42 111 0,21 -124,2 11 42 124 8 241,2 4
10 -21 132 43 -54 61 79 832,3 9 444,33
42 111 0,21 -124,2 11 42 124 8 241,2 4
10 -21 132 43 -54 61 79 832,3 9 444,33
10 -21 132 43 -54 61 79 832,3 9 444,33
42 111 0,21 -124,2 11 42 124 8 241,2 4
1 2 3 4 5 6 7 8 9 10
1 2 3 4 5 6 7 8 9 10
10 -21 132 43 -54 61 79 832,3 9 444,33
42 111 0,21 -124,2 11 42 124 8 241,2 4
10 -21 132 43 -54 61 79 832,3 9 444,33
42 111 0,21 -124,2 11 42 124 8 241,2 4
10 -21 132 43 -54 61 79 832,3 9 444,33
42 111 0,21 -124,2 11 42 124 8 241,2 4
1000 2000 3421 45555 5125,2135 -1023 73 8000 22 3
42 111 0,21 -124,2 11 42 124 8 241,2 4
1 2 3 4 5 6 7 8 9 10
1 2 3 4 5 6 7 8 9 10
10 -21 132 43 -54 61 79 832,3 9 444,33
42 111 0,21 -124,2 11 42 124 8 241,2 4
10 -21 132 43 -54 61 79 832,3 9 444,33
42 111 0,21 -124,2 11 42 124 8 241,2 4
10 -21 132 43 -54 61 79 832,3 9 444,33
42 111 0,21 -124,2 11 42 124 8 241,2 4
1000 2000 3421 45555 5125,2135 -1023 73 8000 22 3
10 -21 132 43 -54 61 79 832,3 9 444,33
10 -21 132 43 -54 61 79 832,3 9 444,33
42 111 0,21 -124,2 11 42 124 8 241,2 4
1 2 3 4 5 6 7 8 9 10
1 2 3 4 5 6 7 8 9 10
10 -21 132 43 -54 61 79 832,3 9 444,33
42 111 0,21 -124,2 11 42 124 8 241,2 4
10 -21 132 43 -54 61 79 832,3 9 444,33
42 111 0,21 -124,2 11 42 124 8 241,2 4
10 -21 132 43 -54 61 79 832,3 9 444,33
42 111 0,21 -124,2 11 42 124 8 241,2 4
10 -21 132 43 -54 61 79 832,3 9 444,33
10 -21 132 43 -54 61 79 832,3 9 444,33
42 111 0,21 -124,2 11 42 124 8 241,2 4
1 2 3 4 5 6 7 8 9 10
1 2 3 4 5 6 7 8 9 10
10 -21 132 43 -54 61 79 832,3 9 444,33
42 111 0,21 -124,2 11 42 124 8 241,2 4
10 -21 132 43 -54 61 79 832,3 9 444,33
42 111 0,21 -124,2 11 42 124 8 241,2 4
10 -21 132 43 -54 61 79 832,3 9 444,33
42 111 0,21 -124,2 11 42 124 8 241,2 4
10 -21 132 43 -54 61 79 832,3 9 444,33
10 -21 132 43 -54 61 79 832,3 9 444,33
42 111 0,21 -124,2 11 42 124 8 241,2 4
1 2 3 4 5 6 7 8 9 10
1 2 3 4 5 6 7 8 9 10
10 -21 132 43 -54 61 79 832,3 9 444,33
42 111 0,21 -124,2 11 42 124 8 241,2 4
10 -21 132 43 -54 61 79 832,3 9 444,33
42 111 0,21 -124,2 11 42 124 8 241,2 4
10 -21 132 43 -54 61 79 832,3 9 444,33
42 111 0,21 -124,2 11 42 124 8 241,2 4
10 -21 132 43 -54 61 79 832,3 9 444,33
10 -21 132 43 -54 61 79 832,3 9 444,33
42 111 0,21 -124,2 11 42 124 8 241,2 4
1 2 3 4 5 6 7 8 9 10
1 2 3 4 5 6 7 8 9 10
10 -21 132 43 -54 61 79 832,3 9 444,33
42 111 0,21 -124,2 11 42 124 8 241,2 4
10 -21 132 43 -54 61 79 832,3 9 444,33
42 111 0,21 -124,2 11 42 124 8 241,2 4
10 -21 132 43 -54 61 79 832,3 9 444,33
42 111 0,21 -124,2 11 42 124 8 241,2 4
10 -21 132 43 -54 61 79 832,3 9 444,33
10 -21 132 43 -54 61 79 832,3 9 444,33
42 111 0,21 -124,2 11 42 124 8 241,2 4
1 2 3 4 5 6 7 8 9 10
1 2 3 4 5 6 7 8 9 10
10 -21 132 43 -54 61 79 832,3 9 444,33
42 111 0,21 -124,2 11 42 124 8 241,2 4
10 -21 132 43 -54 61 79 832,3 9 444,33
42 111 0,21 -124,2 11 42 124 8 241,2 4
10 -21 132 43 -54 61 79 832,3 9 444,33
1 2 3 4 5 6 7 8 9 10
1 2 3 4 5 6 7 8 9 10
42 111 0,21 -124,2 11 42 124 8 241,2 4
42 111 0,21 -124,2 11 42 124 8 241,2 4